Sampling Frequency,Correlation Best Lag,Ideal Lag,ACF Max,Frequency Calculated,ACF Vals:
20,1,2.0,0.0,10.0,0.0,-0.0,0.0,-0.0,0.0,0.0
21,1,2.1,0.131,10.5,0.18,-0.16,0.131,-0.095,0.051,0.0
22,1,2.2,0.471,11.0,0.533,-0.521,0.471,-0.385,0.271,-0.139,0.0
23,1,2.3,0.514,11.5,0.538,-0.561,0.514,-0.41,0.272,-0.126,0.0
24,1,2.4,0.35,12.0,0.429,-0.433,0.35,-0.217,0.083,0.0,0.0
25,4,2.5,0.417,5.0,0.469,-0.369,0.129,0.155,-0.366,0.417,-0.28,0.0
26,4,2.6,0.516,5.2,0.516,-0.41,0.102,0.259,-0.501,0.516,-0.31,0.0
27,4,2.7,0.422,5.4,0.483,-0.388,0.065,0.291,-0.48,0.422,-0.2,0.0
28,2,2.8,0.326,9.333333333333334,0.438,-0.312,-0.028,0.326,-0.381,0.204,0.0,0.0
29,2,2.9,0.486,9.666666666666666,0.498,-0.277,-0.187,0.486,-0.357,-0.087,0.451,-0.413,0.0
30,2,3.0,0.5,10.0,0.5,-0.281,-0.214,0.5,-0.3,-0.188,0.5,-0.375,0.0
31,2,3.1,0.458,10.333333333333334,0.469,-0.25,-0.237,0.458,-0.189,-0.262,0.427,-0.218,0.0
32,2,3.2,0.435,10.666666666666666,0.485,-0.17,-0.354,0.435,0.024,-0.446,0.302,0.218,-0.427,0.0
33,2,3.3,0.428,11.0,0.501,-0.172,-0.389,0.428,0.106,-0.499,0.226,0.348,-0.468,0.0
34,6,3.4,0.396,4.857142857142857,0.489,-0.165,-0.394,0.386,0.171,-0.48,0.116,0.396,-0.384,0.0
35,6,3.5,0.38,5.0,0.464,-0.134,-0.394,0.312,0.237,-0.41,-0.021,0.38,-0.212,0.0
36,6,3.6,0.456,5.142857142857143,0.497,-0.078,-0.47,0.239,0.387,-0.37,-0.261,0.456,0.112,-0.485,0.0
37,3,3.7,0.423,9.25,0.498,-0.078,-0.477,0.202,0.423,-0.314,-0.337,0.407,0.216,-0.474,0.0
38,3,3.8,0.432,9.5,0.481,-0.066,-0.465,0.149,0.432,-0.228,-0.378,0.301,0.285,-0.367,0.0
39,3,3.9,0.485,9.75,0.492,-0.003,-0.49,0.038,0.485,-0.071,-0.477,0.097,0.466,-0.106,-0.451,0.0
40,3,4.0,0.5,10.0,0.5,0.0,-0.5,-0.0,0.5,0.0,-0.5,-0.0,0.5,0.0,-0.5,0.0
41,3,4.1,0.486,10.25,0.492,0.002,-0.491,-0.036,0.486,0.067,-0.479,-0.092,0.469,0.101,-0.456,0.0
42,3,4.2,0.451,10.5,0.486,0.058,-0.475,-0.133,0.451,0.205,-0.412,-0.273,0.355,0.335,-0.265,-0.39,0.0
43,3,4.3,0.445,10.75,0.499,0.065,-0.484,-0.173,0.445,0.273,-0.383,-0.36,0.298,0.43,-0.188,-0.481,0.0
44,8,4.4,0.47,4.888888888888889,0.498,0.065,-0.48,-0.201,0.423,0.319,-0.333,-0.412,0.219,0.47,-0.093,-0.49,0.0
45,8,4.5,0.45,5.0,0.482,0.106,-0.442,-0.262,0.345,0.383,-0.202,-0.451,0.031,0.45,0.149,-0.358,-0.317,0.0
46,8,4.6,0.457,5.111111111111111,0.495,0.118,-0.446,-0.302,0.32,0.434,-0.138,-0.491,-0.071,0.457,0.273,-0.324,-0.435,0.0
47,4,4.7,0.463,9.4,0.5,0.12,-0.445,-0.327,0.293,0.463,-0.077,-0.499,-0.157,0.426,0.358,-0.256,-0.484,0.0
48,4,4.8,0.472,9.6,0.495,0.119,-0.433,-0.342,0.257,0.472,-0.015,-0.478,-0.228,0.36,0.404,-0.161,-0.467,0.0
49,4,4.9,0.488,9.8,0.492,0.16,-0.399,-0.389,0.173,0.488,0.111,-0.42,-0.356,0.206,0.475,0.09,-0.404,-0.375,0.0
50,4,5.0,0.5,10.0,0.5,0.166,-0.397,-0.412,0.14,0.5,0.172,-0.393,-0.418,0.129,0.5,0.193,-0.373,-0.452,0.0
51,4,5.1,0.496,10.2,0.5,0.165,-0.39,-0.424,0.108,0.496,0.221,-0.349,-0.453,0.049,0.484,0.272,-0.304,-0.471,0.0
52,4,5.2,0.461,10.4,0.488,0.195,-0.348,-0.443,0.029,0.461,0.303,-0.24,-0.473,-0.107,0.388,0.393,-0.078,-0.438,-0.31,0.0
53,10,5.3,0.463,4.818181818181818,0.498,0.203,-0.344,-0.463,-0.007,0.458,0.354,-0.188,-0.497,-0.194,0.347,0.463,0.021,-0.443,-0.406,0.0
54,10,5.4,0.495,4.909090909090909,0.501,0.204,-0.339,-0.474,-0.037,0.445,0.391,-0.134,-0.498,-0.263,0.288,0.495,0.11,-0.407,-0.452,0.0
55,10,5.5,0.492,5.0,0.497,0.203,-0.329,-0.475,-0.065,0.421,0.414,-0.078,-0.477,-0.316,0.215,0.492,0.188,-0.335,-0.45,0.0
56,10,5.6,0.462,5.090909090909091,0.495,0.234,-0.291,-0.487,-0.135,0.368,0.457,0.034,-0.427,-0.41,0.062,0.462,0.355,-0.133,-0.474,-0.352,0.0
57,5,5.7,0.481,9.5,0.501,0.237,-0.286,-0.497,-0.164,0.348,0.481,0.088,-0.4,-0.454,-0.014,0.442,0.422,-0.049,-0.47,-0.418,0.0
58,5,5.8,0.49,9.666666666666666,0.501,0.236,-0.28,-0.498,-0.187,0.323,0.49,0.137,-0.362,-0.476,-0.085,0.397,0.458,0.034,-0.427,-0.441,0.0
59,5,5.9,0.49,9.833333333333334,0.493,0.259,-0.24,-0.492,-0.24,0.256,0.49,0.223,-0.269,-0.486,-0.211,0.274,0.481,0.213,-0.254,-0.475,-0.297,0.0
60,11,6.0,0.5,5.0,0.5,0.265,-0.234,-0.5,-0.268,0.231,0.5,0.273,-0.225,-0.5,-0.281,0.214,0.5,0.3,-0.187,-0.5,-0.375,0.0
61,5,6.1,0.5,10.166666666666666,0.502,0.265,-0.229,-0.502,-0.288,0.204,0.5,0.312,-0.178,-0.496,-0.336,0.149,0.492,0.364,-0.112,-0.486,-0.417,0.0
62,5,6.2,0.469,10.333333333333334,0.49,0.28,-0.192,-0.483,-0.322,0.139,0.469,0.36,-0.082,-0.446,-0.395,0.017,0.409,0.427,0.065,-0.342,-0.453,-0.242,0.0
63,12,6.3,0.479,4.846153846153846,0.498,0.287,-0.185,-0.489,-0.348,0.109,0.467,0.4,-0.028,-0.431,-0.445,-0.058,0.379,0.479,0.158,-0.297,-0.503,-0.328,0.0
64,12,6.4,0.505,4.923076923076923,0.502,0.29,-0.18,-0.49,-0.366,0.082,0.458,0.429,0.021,-0.407,-0.476,-0.126,0.335,0.505,0.236,-0.237,-0.515,-0.384,0.0
65,12,6.5,0.464,5.0,0.488,0.297,-0.148,-0.464,-0.382,0.027,0.411,0.443,0.097,-0.329,-0.473,-0.217,0.217,0.464,0.326,-0.07,-0.396,-0.417,-0.191,0.0
66,6,6.6,0.471,9.428571428571429,0.496,0.306,-0.139,-0.468,-0.406,-0.006,0.399,0.471,0.152,-0.292,-0.494,-0.287,0.154,0.467,0.402,0.018,-0.376,-0.486,-0.281,0.0
67,6,6.7,0.489,9.571428571428571,0.501,0.31,-0.134,-0.469,-0.423,-0.033,0.384,0.489,0.198,-0.254,-0.501,-0.344,0.09,0.453,0.455,0.099,-0.336,-0.521,-0.346,0.0
68,6,6.8,0.498,9.714285714285714,0.503,0.31,-0.129,-0.466,-0.434,-0.057,0.365,0.498,0.237,-0.212,-0.495,-0.387,0.027,0.421,0.485,0.171,-0.279,-0.521,-0.384,0.0
69,6,6.9,0.491,9.857142857142858,0.493,0.322,-0.097,-0.441,-0.445,-0.108,0.311,0.491,0.296,-0.125,-0.449,-0.431,-0.087,0.32,0.485,0.292,-0.109,-0.426,-0.455,-0.235,0.0
70,13,7.0,0.5,5.0,0.5,0.327,-0.091,-0.441,-0.461,-0.136,0.291,0.5,0.336,-0.079,-0.435,-0.468,-0.154,0.273,0.5,0.364,-0.034,-0.407,-0.508,-0.306,0.0
71,6,7.1,0.501,10.142857142857142,0.503,0.329,-0.086,-0.439,-0.47,-0.158,0.27,0.501,0.367,-0.035,-0.412,-0.491,-0.213,0.22,0.496,0.416,0.04,-0.368,-0.529,-0.353,0.0
72,6,7.2,0.474,10.285714285714286,0.491,0.335,-0.059,-0.41,-0.47,-0.196,0.215,0.474,0.397,0.041,-0.342,-0.483,-0.286,0.108,0.424,0.447,0.168,-0.215,-0.452,-0.416,-0.192,0.0
73,14,7.3,0.488,4.866666666666666,0.498,0.342,-0.052,-0.409,-0.483,-0.223,0.191,0.473,0.429,0.089,-0.311,-0.498,-0.344,0.044,0.401,0.488,0.25,-0.151,-0.454,-0.483,-0.265,0.0
74,14,7.4,0.509,4.933333333333334,0.503,0.344,-0.047,-0.407,-0.492,-0.245,0.168,0.468,0.452,0.132,-0.277,-0.501,-0.389,-0.017,0.368,0.509,0.316,-0.084,-0.434,-0.521,-0.32,0.0
75,14,7.5,0.512,5.0,0.504,0.344,-0.043,-0.402,-0.496,-0.262,0.145,0.457,0.468,0.17,-0.24,-0.493,-0.423,-0.074,0.324,0.512,0.368,-0.016,-0.394,-0.53,-0.353,0.0
76,7,7.6,0.479,9.5,0.496,0.354,-0.016,-0.375,-0.493,-0.295,0.091,0.419,0.479,0.233,-0.161,-0.452,-0.456,-0.172,0.219,0.471,0.431,0.128,-0.249,-0.478,-0.448,-0.226,0.0
77,7,7.7,0.494,9.625,0.502,0.358,-0.01,-0.372,-0.501,-0.316,0.067,0.408,0.494,0.272,-0.12,-0.438,-0.484,-0.23,0.166,0.461,0.474,0.201,-0.193,-0.477,-0.5,-0.285,0.0
78,7,7.8,0.503,9.75,0.504,0.359,-0.007,-0.368,-0.505,-0.332,0.044,0.394,0.503,0.304,-0.08,-0.417,-0.5,-0.279,0.112,0.437,0.5,0.264,-0.131,-0.454,-0.526,-0.326,0.0
79,7,7.9,0.493,9.875,0.494,0.364,0.016,-0.34,-0.494,-0.353,-0.003,0.349,0.493,0.344,-0.008,-0.354,-0.491,-0.339,0.01,0.351,0.488,0.345,0.01,-0.326,-0.484,-0.408,-0.189,0.0
80,7,8.0,0.5,10.0,0.5,0.369,0.023,-0.337,-0.5,-0.372,-0.028,0.333,0.5,0.377,0.036,-0.326,-0.5,-0.386,-0.05,0.314,0.5,0.404,0.083,-0.283,-0.5,-0.471,-0.25,0.0
81,7,8.1,0.502,10.125,0.504,0.371,0.027,-0.333,-0.503,-0.387,-0.05,0.316,0.502,0.403,0.075,-0.296,-0.5,-0.422,-0.106,0.271,0.498,0.448,0.15,-0.232,-0.494,-0.51,-0.296,0.0
82,7,8.2,0.477,10.25,0.492,0.372,0.046,-0.306,-0.487,-0.398,-0.088,0.269,0.477,0.421,0.133,-0.227,-0.461,-0.442,-0.182,0.175,0.435,0.46,0.242,-0.098,-0.382,-0.476,-0.365,-0.154,0.0
83,16,8.3,0.493,4.882352941176471,0.498,0.378,0.053,-0.301,-0.492,-0.415,-0.114,0.249,0.477,0.447,0.175,-0.191,-0.454,-0.473,-0.239,0.122,0.418,0.493,0.312,-0.029,-0.354,-0.507,-0.437,-0.216,0.0
84,16,8.4,0.511,4.9411764705882355,0.503,0.381,0.057,-0.298,-0.494,-0.429,-0.135,0.23,0.474,0.467,0.212,-0.154,-0.44,-0.494,-0.289,0.069,0.391,0.511,0.368,0.037,-0.315,-0.517,-0.486,-0.266,0.0
85,16,8.5,0.472,5.0,0.49,0.38,0.072,-0.272,-0.475,-0.431,-0.164,0.187,0.44,0.466,0.252,-0.091,-0.386,-0.482,-0.332,-0.014,0.308,0.472,0.401,0.135,-0.19,-0.419,-0.457,-0.321,-0.122,0.0
86,8,8.6,0.484,9.555555555555555,0.497,0.386,0.08,-0.267,-0.478,-0.447,-0.189,0.164,0.434,0.484,0.29,-0.049,-0.364,-0.495,-0.379,-0.074,0.266,0.475,0.45,0.209,-0.13,-0.406,-0.501,-0.398,-0.184,0.0
87,8,8.7,0.497,9.666666666666666,0.501,0.39,0.085,-0.263,-0.48,-0.459,-0.21,0.143,0.425,0.497,0.323,-0.01,-0.339,-0.501,-0.417,-0.129,0.223,0.467,0.486,0.273,-0.069,-0.38,-0.525,-0.456,-0.236,0.0
88,17,8.8,0.508,4.888888888888889,0.504,0.392,0.088,-0.259,-0.48,-0.468,-0.228,0.123,0.414,0.505,0.351,0.026,-0.311,-0.499,-0.447,-0.178,0.177,0.448,0.508,0.327,-0.009,-0.344,-0.529,-0.494,-0.275,0.0
89,8,8.9,0.493,9.88888888888889,0.495,0.393,0.104,-0.233,-0.46,-0.468,-0.254,0.08,0.376,0.493,0.378,0.085,-0.248,-0.463,-0.461,-0.244,0.086,0.375,0.49,0.381,0.103,-0.217,-0.441,-0.485,-0.358,-0.154,0.0
90,8,9.0,0.5,10.0,0.5,0.398,0.11,-0.228,-0.461,-0.479,-0.275,0.057,0.363,0.5,0.406,0.124,-0.216,-0.455,-0.486,-0.293,0.033,0.345,0.5,0.431,0.171,-0.164,-0.429,-0.521,-0.422,-0.207,0.0
91,8,9.1,0.503,10.11111111111111,0.504,0.4,0.114,-0.224,-0.461,-0.487,-0.291,0.037,0.349,0.503,0.428,0.159,-0.183,-0.442,-0.502,-0.335,-0.017,0.309,0.499,0.468,0.23,-0.109,-0.405,-0.538,-0.468,-0.249,0.0
92,8,9.2,0.48,10.222222222222221,0.493,0.399,0.127,-0.202,-0.439,-0.481,-0.309,0.0,0.309,0.48,0.438,0.202,-0.122,-0.392,-0.488,-0.37,-0.091,0.226,0.444,0.47,0.296,0.002,-0.289,-0.461,-0.46,-0.317,-0.126,0.0
93,18,9.3,0.497,4.894736842105263,0.498,0.404,0.133,-0.196,-0.439,-0.491,-0.328,-0.023,0.293,0.481,0.459,0.239,-0.085,-0.372,-0.498,-0.41,-0.145,0.181,0.43,0.497,0.356,0.068,-0.246,-0.462,-0.507,-0.386,-0.179,0.0
94,18,9.4,0.512,4.947368421052632,0.503,0.407,0.137,-0.192,-0.439,-0.498,-0.344,-0.043,0.276,0.478,0.476,0.271,-0.05,-0.35,-0.502,-0.441,-0.194,0.135,0.408,0.512,0.404,0.13,-0.198,-0.45,-0.536,-0.439,-0.223,0.0
95,18,9.5,0.516,5.0,0.505,0.408,0.14,-0.188,-0.437,-0.502,-0.357,-0.062,0.26,0.473,0.488,0.299,-0.016,-0.325,-0.498,-0.465,-0.238,0.089,0.38,0.516,0.441,0.186,-0.146,-0.425,-0.546,-0.475,-0.257,0.0
96,9,9.6,0.488,9.6,0.497,0.409,0.154,-0.165,-0.416,-0.496,-0.372,-0.096,0.219,0.444,0.488,0.332,0.041,-0.266,-0.465,-0.475,-0.293,0.006,0.302,0.477,0.463,0.268,-0.029,-0.313,-0.481,-0.486,-0.348,-0.152,0.0
97,9,9.7,0.499,9.7,0.501,0.413,0.159,-0.16,-0.414,-0.502,-0.387,-0.117,0.201,0.438,0.499,0.36,0.077,-0.237,-0.457,-0.495,-0.336,-0.044,0.266,0.471,0.493,0.325,0.032,-0.274,-0.481,-0.524,-0.406,-0.197,0.0
98,19,9.8,0.512,4.9,0.505,0.415,0.162,-0.156,-0.412,-0.506,-0.399,-0.135,0.183,0.429,0.506,0.384,0.11,-0.207,-0.444,-0.507,-0.372,-0.091,0.226,0.457,0.512,0.371,0.089,-0.23,-0.468,-0.546,-0.449,-0.234,0.0
99,9,9.9,0.494,9.9,0.495,0.414,0.172,-0.136,-0.391,-0.495,-0.408,-0.163,0.144,0.396,0.494,0.403,0.156,-0.149,-0.397,-0.493,-0.401,-0.156,0.146,0.392,0.491,0.408,0.176,-0.117,-0.366,-0.489,-0.459,-0.311,-0.127,0.0
